TP/FP/FN 统计
================================================================================
Class               TP     FP     FN  Precision     Recall         F1
--------------------------------------------------------------------------------
Car                261   1676   1053     0.1347     0.1986     0.1606
Pedestrian          16     80     32     0.1667     0.3333     0.2222
Bus                  9      5      3     0.6429     0.7500     0.6923
PickupTruck         40    118     90     0.2532     0.3077     0.2778
MediumTruck          6     25     29     0.1935     0.1714     0.1818
SemiTruck            1      9      7     0.1000     0.1250     0.1111
TowedObject          0      6      3     0.0000     0.0000     0.0000
